0 
0.311592 
0.60796 
0.874758 
1.09935 
1.27152 
1.38408 
1.43325 
1.41885 
1.34431 
1.21642 
1.0449 
0.841806 
0.620791 
0.396265 
0.182527 
-0.00710678 
-0.161099 
-0.270391 
-0.328937 
-0.33407 
-0.286644 
-0.190982 
-0.054592 
0.112291 
0.297345 
0.486916 
0.666868 
0.823449 
0.94415 
1.01848 
1.03864 
1 
0.901419 
0.745358 
0.537752 
0.287692 
0.00691214 
-0.290882 
-0.590806 
-0.877658 
-1.13681 
-1.35504 
-1.52133 
-1.6275 
-1.66865 
-1.64349 
-1.55436 
-1.40711 
-1.21073 
-0.976834 
-0.718926 
-0.451625 
-0.18979 
0.0523646 
0.2621 
0.428905 
0.545101 
0.606286 
0.611566 
0.563591 
0.46836 
0.334834 
0.174368 
4.40858e-16 
-0.174368 
-0.334834 
-0.46836 
-0.563591 
-0.611566 
-0.606286 
-0.545101 
-0.428905 
-0.2621 
-0.0523646 
0.18979 
0.451625 
0.718926 
0.976834 
1.21073 
1.40711 
1.55436 
1.64349 
1.66865 
1.6275 
1.52133 
1.35504 
1.13681 
0.877658 
0.590806 
0.290882 
-0.00691214 
-0.287692 
-0.537752 
-0.745358 
-0.901419 
-1 
-1.03864 
-1.01848 
-0.94415 
-0.823449 
-0.666868 
-0.486916 
-0.297345 
-0.112291 
0.054592 
0.190982 
0.286644 
0.33407 
0.328937 
0.270391 
0.161099 
0.00710678 
-0.182527 
-0.396265 
-0.620791 
-0.841806 
-1.0449 
-1.21642 
-1.34431 
-1.41885 
-1.43325 
-1.38408 
-1.27152 
-1.09935 
-0.874758 
-0.60796 
-0.311592 
