9.94942e-18 
2.38666e-17 
0.35 
6.78979e-17 
4.80813e-17 
0.5 
7.24978e-17 
7.16489e-17 
7.30977e-17 
2.29207e-17 
6.63914e-17 
7.34762e-17 
7.51125e-17 
3.7474e-17 
2.03446e-17 
3.51036e-17 
1.57634e-17 
1.52853e-17 
4.44831e-17 
1.9891e-17 
5.4561e-17 
7.07974e-17 
2.89818e-17 
1.1367e-17 
5.70951e-17 
3.61407e-17 
4.26198e-17 
2.06893e-16 
9.8819e-17 
1.41006e-16 
1.03562e-16 
3.66645e-17 
3.86489e-17 
1.72073e-17 
3.71101e-17 
6.80592e-18 
5.74831e-17 
1.60054e-17 
9.83834e-17 
1.44228e-16 
1.0513e-16 
2.53423e-17 
4.33931e-17 
4.08678e-17 
1.55721e-17 
1.48557e-17 
2.4285e-17 
5.8779e-17 
1.84806e-17 
1.59144e-17 
3.62761e-17 
2.27776e-17 
1.58064e-17 
2.44198e-17 
6.99121e-17 
7.40716e-17 
8.82145e-17 
1.84243e-17 
7.07549e-17 
1.6868e-16 
5.48428e-17 
1.27414e-17 
1.41085e-16 
4.71452e-17 
1.0194e-16 
4.20203e-17 
1.14586e-16 
1.68647e-17 
5.48428e-17 
4.45141e-18 
6.02895e-17 
1.54399e-17 
8.82145e-17 
6.87894e-17 
6.18833e-17 
4.06756e-17 
1.58064e-17 
3.50479e-17 
5.67002e-17 
1.47e-17 
1.84806e-17 
6.08812e-17 
4.59286e-17 
1.77214e-17 
1.55721e-17 
2.87637e-17 
2.58969e-17 
2.10104e-17 
1.0513e-16 
1.40689e-16 
9.51512e-17 
2.03972e-16 
5.74831e-17 
1.20243e-17 
9.31258e-17 
1.26176e-17 
3.86489e-17 
3.57698e-17 
9.16172e-17 
1.12926e-16 
9.8819e-17 
5.68982e-17 
5.89288e-17 
4.07762e-17 
5.70951e-17 
2.25393e-17 
1.56678e-17 
6.04901e-17 
5.4561e-17 
1.44374e-17 
7.44573e-17 
1.9503e-17 
1.57634e-17 
1.69591e-17 
3.76566e-17 
5.37862e-17 
7.51125e-17 
5.15729e-17 
4.34689e-17 
7.24572e-17 
7.30977e-17 
6.37728e-17 
1.48795e-16 
0.5 
4.80813e-17 
3.11354e-17 
0.35 
7.55447e-17 
