0.131538 
0.44313 
0.739498 
1.0063 
1.23089 
1.40306 
1.51562 
1.56479 
1.55039 
1.47585 
1.34796 
1.17644 
0.973344 
0.752328 
0.527803 
0.314064 
0.124431 
-0.0295615 
-0.138853 
-0.197399 
-0.202532 
-0.155107 
-0.0594439 
0.0769458 
0.243829 
0.428883 
0.618454 
0.798405 
0.954986 
1.07569 
1.15002 
1.17018 
1.13154 
1.03296 
0.876896 
0.66929 
0.41923 
0.13845 
-0.159344 
-0.459268 
-0.74612 
-1.00527 
-1.2235 
-1.3898 
-1.49596 
-1.53712 
-1.51195 
-1.42282 
-1.27557 
-1.07919 
-0.845297 
-0.587388 
-0.320088 
-0.058252 
0.183902 
0.393638 
0.560443 
0.676639 
0.737823 
0.743104 
0.695129 
0.599897 
0.466371 
0.305906 
0.131538 
-0.0428304 
-0.203296 
-0.336822 
-0.432053 
-0.480029 
-0.474748 
-0.413563 
-0.297367 
-0.130562 
0.0791732 
0.321328 
0.583163 
0.850464 
1.10837 
1.34227 
1.53864 
1.6859 
1.77503 
1.80019 
1.75904 
1.65287 
1.48658 
1.26834 
1.0092 
0.722344 
0.42242 
0.124626 
-0.156154 
-0.406214 
-0.61382 
-0.769881 
-0.868462 
-0.907105 
-0.886947 
-0.812613 
-0.691911 
-0.53533 
-0.355379 
-0.165807 
0.0192465 
0.18613 
0.32252 
0.418182 
0.465607 
0.460475 
0.401928 
0.292637 
0.138645 
-0.0509888 
-0.264727 
-0.489253 
-0.710268 
-0.913362 
-1.08488 
-1.21278 
-1.28732 
-1.30171 
-1.25255 
-1.13998 
-0.96781 
-0.74322 
-0.476422 
-0.180054 
