0.131538 
0.287334 
0.435518 
0.568917 
0.681212 
0.767299 
0.82358 
0.848164 
0.840965 
0.803695 
0.739749 
0.653988 
0.552441 
0.441933 
0.32967 
0.222801 
0.127984 
0.0509881 
-0.00365753 
-0.0329308 
-0.035497 
-0.0117844 
0.0360469 
0.104242 
0.187683 
0.28021 
0.374996 
0.464972 
0.543262 
0.603613 
0.64078 
0.650859 
0.631538 
0.582247 
0.504217 
0.400414 
0.275384 
0.134994 
-0.0139032 
-0.163865 
-0.307291 
-0.436866 
-0.545982 
-0.629129 
-0.682213 
-0.702789 
-0.690207 
-0.645641 
-0.572016 
-0.473828 
-0.356879 
-0.227925 
-0.0942749 
0.0366429 
0.15772 
0.262588 
0.34599 
0.404088 
0.434681 
0.437321 
0.413333 
0.365718 
0.298955 
0.218722 
0.131538 
0.0443537 
-0.035879 
-0.102642 
-0.150258 
-0.174245 
-0.171605 
-0.141013 
-0.0829146 
0.000487681 
0.105356 
0.226433 
0.35735 
0.491001 
0.619955 
0.736904 
0.835091 
0.908717 
0.953283 
0.965865 
0.945288 
0.892205 
0.809057 
0.699941 
0.570367 
0.426941 
0.276979 
0.128082 
-0.0123081 
-0.137338 
-0.241141 
-0.319172 
-0.368462 
-0.387784 
-0.377704 
-0.340537 
-0.280187 
-0.201896 
-0.11192 
-0.0171346 
0.0753921 
0.158834 
0.227029 
0.27486 
0.298573 
0.296006 
0.266733 
0.212087 
0.135091 
0.0402745 
-0.0665947 
-0.178857 
-0.289365 
-0.390912 
-0.476673 
-0.54062 
-0.577889 
-0.585088 
-0.560504 
-0.504223 
-0.418136 
-0.305841 
-0.172442 
-0.0242583 
