0.131538 
2.26295e-17 
0.35 
6.19606e-17 
4.94349e-17 
0.5 
7.10664e-17 
6.62642e-17 
7.08253e-17 
2.35512e-17 
6.14482e-17 
8.13518e-17 
7.25204e-17 
4.21398e-17 
1.19306e-17 
3.54232e-17 
1.81655e-17 
1.32401e-17 
4.29315e-17 
1.70707e-17 
5.67094e-17 
7.12278e-17 
3.2716e-17 
1.46421e-17 
5.9412e-17 
3.79244e-17 
4.85177e-17 
1.8948e-16 
9.56026e-17 
1.40807e-16 
1.22036e-16 
3.66597e-17 
3.10317e-17 
1.12989e-17 
2.88963e-17 
1.02356e-17 
6.10912e-17 
2.19331e-17 
9.58548e-17 
1.43746e-16 
1.0161e-16 
2.46771e-17 
3.56903e-17 
3.55388e-17 
1.68484e-17 
1.86591e-17 
2.29357e-17 
5.81325e-17 
1.72029e-17 
1.73971e-17 
3.6087e-17 
3.09252e-17 
1.47003e-17 
3.16453e-17 
7.23179e-17 
7.34262e-17 
9.18125e-17 
2.20959e-17 
7.74136e-17 
1.66641e-16 
6.14776e-17 
9.91766e-18 
1.10585e-16 
4.88489e-17 
9.71445e-17 
4.42964e-17 
9.94256e-17 
1.53373e-17 
6.14776e-17 
7.78e-19 
6.83233e-17 
1.89265e-17 
9.18125e-17 
6.96855e-17 
6.61065e-17 
4.4941e-17 
1.47003e-17 
3.53181e-17 
5.05489e-17 
1.32001e-17 
1.72029e-17 
6.17864e-17 
3.77141e-17 
2.03027e-17 
1.68484e-17 
3.06507e-17 
2.34002e-17 
1.7638e-17 
1.0161e-16 
1.41541e-16 
8.97154e-17 
2.19407e-16 
6.10912e-17 
1.00286e-17 
1.0349e-16 
1.14049e-17 
3.10317e-17 
3.89657e-17 
9.73507e-17 
1.21885e-16 
9.56026e-17 
4.8538e-17 
6.06852e-17 
4.1618e-17 
5.9412e-17 
2.1613e-17 
2.17374e-17 
6.4063e-17 
5.67094e-17 
1.26983e-17 
7.45082e-17 
1.63849e-17 
1.81655e-17 
1.77802e-17 
5.93397e-17 
5.04562e-17 
7.25204e-17 
4.58588e-17 
3.36715e-17 
7.24165e-17 
7.08253e-17 
5.92069e-17 
1.44564e-16 
0.5 
4.94349e-17 
2.9341e-17 
0.35 
7.695e-17 
