-0.254241 -6.8645 -60.7398 -175.849
0.203803 4.12855 27.2045 58.6696
0.25253 5.15181 34.3673 75.3829
-0.244121 -3.7879 -19.2709 -31.8937
0.0954545 1.30573 6.19724 10.5533
-0.0828972 -0.83449 -2.36364 -0.86122
-0.309266 -2.87181 -8.47559 -6.97317
0.90846 4.43455 6.13712 2.76864
-0.889575 -0.959557 0.743018 0.9706
0.203139 -0.959557 0.743018 0.9706
0.445017 -1.68519 1.46865 0.728722
-0.738108 5.41356 -12.7289 10.1937
0.747415 -7.95615 27.3803 -29.9154
-0.339953 5.09227 -24.8134 39.6762
-0.111902 1.67151 -7.7096 11.1698
0.0796627 -1.77666 12.9794 -30.2082
0.163651 -3.54043 25.3258 -59.0164
-0.319969 8.06646 -67.5293 188.597
0.354323 -10.1394 96.3237 -302.962
-0.163425 5.39301 -59.0007 214.786
