-0.254626 -6.87491 -60.8332 -176.126
0.205731 4.17367 27.5555 59.5768
0.245201 5.00253 33.3575 73.1148
-0.216734 -3.3123 -16.5315 -26.6632
-0.0067636 -0.162739 -0.783674 -0.416839
0.298589 3.50149 13.8732 19.1257
-1.73299 -14.7827 -40.9794 -35.7269
6.22188 32.9465 54.479 27.912
-11.6901 -20.7895 0.743018 10
11.0037 -20.7895 0.743018 10
-4.8684 26.8267 -46.8732 25.8721
0.685617 -6.49736 19.775 -18.5601
0.365929 -3.62017 11.1434 -9.92847
-0.237734 3.62379 -17.8325 28.706
-0.139292 2.14716 -10.4493 16.4007
0.0870017 -1.92613 13.9904 -32.4787
0.161685 -3.49448 24.9689 -58.0952
-0.319443 8.05258 -67.4076 188.242
0.354185 -10.1354 96.2838 -302.832
-0.163397 5.3921 -58.9907 214.75
